0	3267 170 1601 44 945 6 9 47 17861
0	1 27207 22177 35696 35696 78 14 10136 4
0	1091 6 1402 1451 1364 1294 9 883 382
0	5592 17242 19 2450 3 273 0 2 5313
0	5 10499 8620 475 0 2 1860 37 13642
0	537 33 21544 12 2237 43 387 14 3
1	43 17 35696 52 18758 6864 26 597 25249
1	20412 19406 7017 48 631 17214 105 22 1327
0	4084 3313 4546 33444 35696 1088 811 32773 9
0	6049 7394 6820 236 17087 1 8977 34 25591
0	2329 4061 8627 16957 32776 9171 99 3 7386
1	25 23 1 369 3357 8 33517 13251 9
1	25152 27933 16762 432 20 14 11 457 777
0	1 1 4 6497 35696 410 74 727 17
1	624 1856 7772 3687 13764 465 44 26061 974
1	1 21320 13811 3 54 9554 39 20550 33
1	1653 21671 7616 13830 4297 3 2641 146 130
1	67 2318 15023 17 15120 109 2386 447 10
0	0 2 18646 4675 180 4016 2528 7068 3
1	906 908 2 6 1503 166 4867 5424 2080
1	18 27 18 16 331 21440 863 22498 2061
0	56 1 4745 156 408 5161 37 7193 1067
0	1 26 4036 0 2 110 30274 347 76
0	21707 18598 80 279 12147 19 182 12 171
0	107 652 14164 5066 195 35696 257 1567 10203
0	715 1 3 4 6643 1159 391 12 735
0	4228 1551 450 8964 66 3489 0 2 145
0	248 605 9630 10078 485 0 2 856 9205
1	4302 27 2496 1923 80 391 216 50 699
0	5348 0 537 11973 92 3271 1 3110 11
0	83 1791 7679 979 232 813 41 68 23
0	649 117 43 10 1347 6264 117 8 4
1	0 2 19 12 25885 19765 3058 11033 6019
0	6 9 18 13912 8 503 7708 2134 17224
0	3498 31 663 199 231 217 212 1230 924
0	3099 127 5963 19 17468 17976 1545 16551 406
1	7202 14 16 4 1484 501 10 8 439
0	4309 54 75 34056 30496 23025 2342 19 4952
0	14 2259 640 558 15 172 640 3237 21
1	18 106 97 19490 1969 840 3007 2056 2920
0	9993 1382 0 15238 17001 15556 17 5 10
0	3267 170 1601 44 945 1910 6151 670 8644
0	15088 16974 6 1262 1340 1538 1294 6471 7392
0	14282 54 11 16217 468 160 23081 77 4077
0	1 11221 53 2923 3 24051 17891 34 21
0	12 43 1967 0 2 12270 1215 163 123
0	1621 1542 444 499 8 1569 164 16739 21
0	308 70 3852 28 2812 6368 4005 6 9
0	620 8656 52 113 184 15415 4769 24 4900
0	3783 10314 534 9 320 34380 209 26 219
1	0 2 10959 48 22 3590 6550 990 9063
0	497 28 24751 113 6341 14 17775 4966 7917
0	1443 9598 42 105 28 11854 232 1011 15
0	129 1088 811 170 2233 54 15 3 1
1	22107 334 100 11136 334 61 2 0 48
0	21052 8602 14 11688 18710 6 131 135 9
0	3430 5390 6001 52 35696 16878 30983 3 3
1	2086 1 1993 3 4 4 1420 14 1
0	204 175 197 665 24 3 22340 16777 17297
0	10347 20350 8599 5339 227 20619 830 2239 861
1	0 2 19011 249 231 223 212 1811 46
1	5 13193 5 1946 5 11 15 6259 6458
0	0 2 20862 26 74 363 4183 70 7
1	3 1990 1841 3149 314 52 1 1339 5549
0	6069 22534 1023 9733 2426 158 13248 31596 20561
0	0 199 231 217 218 2 0 2 0
0	25 663 1084 924 199 231 217 212 2
0	15 2249 4694 11462 1949 7622 23019 0 2
0	0 2 151 3367 7461 18185 1842 226 12
0	5205 6184 4479 105 3484 15293 39 4 13693
1	152 152 126 152 1706 3856 21 5 13
1	6687 6161 951 11545 105 150 28 1 21
1	6296 15568 13010 466 23111 7 1965 902 12446
1	0 249 231 223 212 1084 924 2 5224
0	493 4397 3031 371 2338 50 599 1 591
1	3940 8148 11483 89 12257 10321 8 18446 868
0	3198 14294 67 1446 188 253 74 3 4306
0	1710 10597 6 131 135 16 0 62 58
0	3416 13097 78 667 22870 16539 20307 53 867
0	4650 13 1 2 14 4 5 0 210
1	130 131 135 2172 10559 95 5398 8 15
0	10272 22751 18585 18 16 66 45 715 10293
0	4117 19 2220 301 0 10762 1244 13546 3
0	5 17 338 83 30 45 4626 3 15
0	1443 6 9 12759 15948 2055 1966 679 2451
1	2693 1042 11 3 2870 985 560 12206 16824
1	11087 21 13325 1 11187 5763 8078 3351 9
0	4089 10821 7 7819 7845 159 5221 1 1016
0	16859 3 483 271 6 9 7338 18 16
1	2 20 6093 1625 48 25712 38 10214 3218
1	17 31 115 1434 406 5420 401 13296 13296
0	0 319 19 487 15262 21123 100 8 88
1	1 335 78 3843 731 19011 35696 0 2
0	649 117 43 10 1347 3709 131 135 9
0	0 2 7223 7 52 23061 4 5782 3722
0	4 5 18 1099 21060 3940 344 206 3
0	3622 4 41 68 46 209 166 1907 102
0	435 519 258 19 38 26 0 552 24
1	16230 8102 525 14259 1486 5994 5690 576 169
0	2664 8078 53 1984 519 6 1503 23885 14
