1	186 157 7232 1943 8501 7696 40
0	1232 11 367 1544 602 3 667
1	0 2 0 2 550 11336 658
1	7036 3962 1185 7835 49 305 3
0	5155 1028 3710 78 729 3968 10251
1	4278 8 45 8849 1355 6200 1539
0	691 1560 6 256 10308 1533 3140
1	3273 18258 795 582 4561 8 2759
0	19 10293 3177 7275 952 7 28237
0	1 17 19936 10205 656 0 2
0	477 0 3 26 520 202 1
1	7 39 4279 1335 4229 4345 21
1	12905 59 58 18 16 0 2
1	0 199 220 217 212 2 1713
0	4660 4879 4061 11448 12 8886 7
0	18967 19704 6485 102 5098 378 22080
0	511 5506 6227 4322 1605 312 614
0	28156 4921 10018 7286 3168 107 467
0	0 982 4745 190 95 119 7
1	9351 7816 215 997 5 39 1
0	629 5424 644 2163 13977 2783 1335
1	906 908 2 554 650 14067 3
0	53 6 1099 792 16 2468 13
0	2550 921 23020 421 16961 1062 0
0	264 9689 23803 16 2637 2951 1
1	6110 4773 67 467 553 724 241
1	3267 170 1601 44 945 1688 20
0	6 16 7595 1356 74 11333 3631
1	9179 33 5319 7127 402 1 30
0	6742 1 26 164 35311 965 16759
1	519 945 213 529 27669 24628 13809
0	325 4662 2449 360 1422 21419 74
0	2815 1 3 7 1469 25 23
0	6 7938 8467 1349 1966 2177 10
0	18 16 5 6 9 12093 16657
1	1 43 627 2 528 12 13
1	569 122 1 3961 936 0 238
1	20075 45 15638 11791 3 6172 3419
0	1003 3591 5673 7253 8 14578 15082
1	63 12691 30151 16783 27385 13402 4645
0	3 3 26047 4 50 13 112
0	145 562 45 389 92 65 1299
0	40 14875 11449 11 9623 17568 4
1	12458 71 31677 2046 3374 1728 21714
1	127 9271 17032 8744 7344 3239 5048
1	966 3463 207 11 3 18942 9
0	34293 5763 12459 11907 5226 130 100
1	11292 20073 1 299 12164 16 448
1	1 182 39 1278 10 17252 11544
0	1650 0 702 8 9548 5 372
0	0 2 68 23 5951 180 2669
0	18 16 229 3525 1431 15123 5843
1	2371 7495 15 26889 719 67 15099
1	132 938 21656 24392 2563 54 3
1	3227 99 1637 5965 886 1404 16544
0	13946 29 846 330 33201 10920 6238
1	3975 16562 20683 4265 125 3032 2352
1	15 149 24 257 2372 169 3
1	2645 167 617 2275 11487 12710 4303
1	12 3339 6247 12090 51 2 15477
1	8 4581 544 148 1785 552 5
0	0 126 5201 52 3 904 1706
1	2 25 23 2323 1755 2559 142
0	17025 14379 551 78 4083 1722 3661
0	42 2852 1255 8012 1051 13646 7
0	511 5506 6227 12224 104 4287 214
0	604 10 1073 3 15 1694 763
0	22803 10530 6738 33 28579 53 13105
1	7884 4446 5516 930 1889 2512 163
0	3877 406 22035 21628 45 11 13391
0	2070 17 1109 20416 21784 8667 2957
1	1171 15 12079 2652 8496 1506 468
1	1 3 1071 16074 22 20 438
0	1317 1 17 38 48 2 12381
1	214 244 17 6243 12651 18510 12009
0	25 663 199 220 223 212 3
1	0 2 17331 15225 35696 14646 2081
1	1185 11841 955 14065 3 4125 969
1	35 16708 935 27287 410 1570 4569
0	723 3884 5329 337 3635 54 26
0	130 997 17100 10619 1064 3029 3613
0	263 406 1647 1598 3254 34 3
1	3 8 1842 34 2 25 23
1	14690 2 4996 1366 0 62 58
1	20 1595 672 20898 2002 0 2534
1	24 1 10970 17 1 37 4
1	0 2 0 2 0 2 21453
0	0 2 7300 31320 22 1772 0
0	648 5 2273 462 16645 1 2
0	16630 516 222 272 190 10 54
0	3490 4066 20 13 26 4304 3
1	6255 18 16 31556 257 22 181
1	2833 2327 1863 1092 35696 662 179
1	1899 1705 335 2051 40 4710 3
0	9392 50 19 22266 65 20166 4690
0	1684 28 11 9992 15620 3 37
1	6162 818 5433 28817 3630 33 28820
1	1 14730 1255 580 10362 8 7
1	364 112 935 13712 2420 18 27
1	23030 4719 1 138 156 24120 8
