0	2311 5782 95 18 57
1	10 25 69 68 23
1	6 17 834 35 9
1	10067 10 12067 143 76
0	735 622 545 21 29
0	3834 10537 593 2496 3
0	8 7949 1306 2401 7
0	338 6476 18027 21921 5472
1	12984 13120 20304 3154 0
0	2606 996 2904 5738 2313
1	0 2 6 108 103
0	129 1349 22906 27 3052
0	248 2547 685 2 5
1	291 7 6355 15327 931
0	2841 54 73 27947 2550
1	227 4900 17625 23652 9
1	3554 35696 19388 2896 1
1	1215 7257 44 3 1
0	39 1899 19 17 4052
0	227 305 819 0 632
1	83 11 45 14 352
1	3 1425 190 2957 9
0	5404 1433 6275 1568 102
0	995 1157 96 3850 1721
0	79 72 196 4188 9
0	3668 354 54 2821 1
1	3789 86 5263 1833 15
1	1 7534 393 7469 2188
1	10022 22228 8273 466 362
0	619 42 26 15 0
1	317 787 29 9026 4
0	44 121 3 10537 7048
0	0 19819 3640 15531 17570
0	1312 2177 1636 2177 7268
0	267 15753 4040 225 76
1	18 1099 792 16 15190
0	14315 5445 19134 8413 0
1	351 1477 18902 409 37
1	3489 2336 1 20708 7566
1	10 7 213 9231 28
1	7 859 2511 2030 1528
1	1 8 6003 1429 639
1	3600 592 8421 5257 1157
0	29 120 25677 28353 34
0	72 155 26716 4 838
1	13494 14131 2 1 10068
0	138 519 5695 0 0
0	0 2 281 591 0
0	0 2 0 2 0
0	6 9 18 16 13
0	169 216 24171 1 203
1	0 825 96 12 1338
0	2482 35696 35696 12916 23
1	15 12018 320 2028 9
1	11 6681 23655 23655 53
0	1561 566 37 982 37
0	5204 3908 0 2 10111
1	8166 1125 12237 11153 356
1	8 8 387 9340 15600
1	17033 493 555 588 5
1	5176 2687 10414 35696 33
1	730 4003 10 22399 167
1	375 3835 35 16 784
0	2946 14 14 24753 40
1	17 14392 7055 21999 3688
0	18 13659 2469 13 8
0	0 2 1195 2172 48
0	9671 4895 2563 54 3
0	368 81 2110 4238 8280
1	310 252 29058 5254 144
1	2231 3696 48 2561 37
0	0 59 61 1 3
0	443 902 10670 114 37
0	1706 29966 18 106 103
1	26 123 22 299 43
0	2657 2536 99 6136 3
0	2174 10013 124 19088 1676
1	13463 35696 20207 1137 3794
1	14 483 1 105 15
0	6361 764 1037 2811 11405
1	2150 3010 54 7705 1477
1	3 14271 8 9665 0
0	161 295 323 17962 70
1	313 523 526 8696 1178
0	1640 11 15 3224 94
0	2324 3 2906 12 17
0	841 3349 2768 5245 21
0	10384 4999 6 2153 12579
1	0 32 0 62 61
0	45 1265 1 12 421
1	643 657 509 17597 20414
0	25 69 68 23 1
0	1256 39 433 1145 1215
0	104 54 3 4 8744
0	974 476 18551 3 15726
1	8073 9283 7968 8045 799
0	33 13135 3873 1824 3
0	13 24 8817 686 9998
0	85 16 283 3282 8409
0	73 1508 29 631 79
