1	17218 35696 928 884 846 8530
0	620 20829 179 10042 52 19
1	0 5 1155 1 20 7571
1	5625 43 178 1 23686 28822
1	979 2880 44 53 3787 1
1	1379 48 6161 2478 1135 532
0	8038 142 4396 6947 4575 2822
1	814 39 1392 814 11336 4204
1	18 2125 1438 19 1884 12
1	716 19918 823 22279 21919 13784
1	654 260 9554 39 20550 33
1	593 3425 17403 143 14437 4239
1	1 12373 1 3 129 170
0	2808 8915 5 8849 35327 3502
0	12 74 70 7 2356 1653
0	4725 26516 2299 7547 146 9046
0	0 0 771 627 2 3193
1	3 128 25941 160 22176 137
1	153 161 139 2820 9 7
1	6523 723 6106 3997 14 396
0	2141 141 229 14 8190 3
0	4597 11 4533 98 31759 1
1	604 1456 3326 5323 320 38
1	7989 9 2333 13 16872 36
0	142 3211 1822 3410 768 5407
0	14 21803 3593 3981 12409 61
1	2644 13606 8747 7168 12074 3
0	140 236 12 3825 1462 134
1	0 2 6 2420 8215 15
1	18 16 4436 14791 5 3048
0	2104 4417 6118 65 524 7
0	894 3343 0 283 48 33
0	3096 26 2786 4812 179 4228
0	1318 1938 106 103 26785 2348
0	1468 15898 244 19606 200 82
0	30 35 1152 964 16 4173
1	2298 5208 22206 369 5120 42
0	48 10878 1 8 12336 279
1	284 3724 195 10 16311 4767
1	2696 6 16741 21433 11 697
0	1577 673 22 9167 24 104
1	72 196 16 3 2371 1713
1	20 17236 1480 12 492 487
1	2023 880 11233 1374 329 4132
1	34440 13315 8708 1907 1013 8955
0	2 3458 1337 12 0 238
0	1362 916 15372 1817 2327 76
0	2499 2263 10 632 2881 23361
0	2045 13 100 26 7246 386
0	0 2 0 1778 1810 2212
0	398 6 131 135 9 12
1	1 199 231 223 218 2
0	2545 3 7429 718 3588 1
1	321 311 501 10569 142 76
0	3410 4839 3787 11942 553 8
0	7 91 10 9332 44 3
1	1 26 24 4803 34 5256
0	412 4330 1062 5 1980 839
0	8951 151 6 106 103 7
1	466 15616 40 9471 11 1082
1	6 131 135 9 6 27
0	173 26 10295 12 15184 76
0	18 16 95 1469 11639 1668
0	4029 9762 98 4171 691 1342
0	17492 3 7 348 2085 12300
0	1608 1 447 11 10 12254
1	1 21424 2531 10 400 10563
1	7 52 26048 17236 24892 15
1	1263 1967 4290 1318 1938 9
0	411 1370 29 14 1156 15
1	0 249 220 19257 17453 184
0	1521 104 6 24677 605 84
1	44 799 206 900 715 26
1	0 20931 19 24917 8 17970
0	11504 492 9451 1318 1938 11183
0	6224 132 92 1256 4150 4
1	11219 15272 11372 5499 10 5
0	56 1085 4 2221 37 1381
0	1493 7404 6314 9286 269 5
1	1728 582 352 65 5042 327
1	39 9940 226 4976 3219 1274
0	2560 439 6852 530 645 20
0	29 26556 40 9 145 16494
0	1 430 4 9649 1683 6330
1	167 18 16 6 21358 10647
0	31 69 68 46 0 7794
0	213 15 1470 321 10584 2580
0	16581 20488 180 666 2433 652
0	20339 486 4283 27369 4 5
1	1768 716 1768 3608 3 10418
0	18 16 3560 8195 11444 9
0	5637 270 4 6840 1036 1226
0	7520 6320 9860 11292 28201 8567
1	9915 301 25188 992 1566 39
1	1 9932 779 260 1 24191
0	13684 3768 9610 214 1 19
0	72 155 9 4 3 3854
0	34 6177 2889 965 33838 8
1	102 29 6 1152 964 9
0	129 6397 10116 33 8 15
