1	11 25798 28146 1176 1595 19497 26466 15339 792 198 82
0	1621 1542 444 499 8 1569 1479 10497 572 18 344
0	0 0 0 33 5897 3759 1208 4 29438 13225 9177
1	18 10007 18635 35696 10601 75 13318 3885 21734 1 33686
0	1000 300 866 3076 6507 770 2938 3 10822 201 3
0	9634 1 8709 9554 122 20072 1235 179 20 638 1838
1	2318 15188 32175 198 82 18 13397 12164 9 1 3
0	13 16787 11208 21370 32605 101 854 28 111 4946 1720
1	7 3071 16801 57 21242 549 175 12049 11210 1 375
1	319 4 6063 240 45 34415 9773 2575 3 8525 5843
0	324 12677 945 18 27 2 14205 122 19682 17630 351
1	1 6848 30981 1939 3628 9292 22357 29539 66 36 7
1	28 2 11264 6555 6266 31 115 7 3798 11 3
0	5454 178 70 334 8 9640 3323 314 11396 29 17201
1	1207 3435 12297 2527 22 1475 295 17 3438 24 6256
0	224 86 798 175 197 6 30488 35515 533 389 122
0	0 22749 31 46 5646 6513 6 22 13 15651 733
0	7189 8797 10590 4690 1069 1589 6 4188 27 250 15
0	11 14504 25256 610 468 11237 0 8374 7361 1805 807
1	0 14804 16801 8032 15 22273 11 22 480 5761 718
0	17025 14379 551 78 4083 629 33756 71 11524 22792 1519
1	17 56 346 711 3142 105 2944 10659 13 14 403
0	557 11513 6687 13 141 250 2137 7455 1486 1891 77
0	6440 7 13 5733 24639 20 10831 1002 0 2 88
1	18 27 84 7 22 31 115 372 21 28 3043
0	1 16179 212 2 1362 10386 5558 3198 15 4536 8
0	0 36 18 1699 8781 4911 9232 9564 6204 358 0
1	3783 3952 4535 2597 28335 11910 1 900 4881 28656 1161
0	565 19963 845 140 1369 7 370 386 2844 1 1067
0	70 5896 17 3778 3379 7156 838 6550 26 8726 4361
0	12 2654 266 725 12 10363 10916 585 419 2 0
1	2193 48 851 5 7075 5368 611 7359 22515 16846 9489
1	1421 26 1993 935 8256 40 26 11257 56 2152 293
0	4309 54 75 34056 30496 23025 2342 67 269 2382 4082
0	4 11 276 14 22252 6 131 135 131 135 9
1	3 6 4328 19 41 0 5064 5820 38 29686 9976
0	19 16901 28 8 124 66 35696 447 4177 20 13146
0	1621 1542 444 499 8 1569 26845 17 72 155 3567
1	7011 2481 8571 9650 10959 48 22 3590 6550 990 9063
1	3267 679 84 2 4 52 134 26 901 6 9
0	25 23 3660 3639 21 7 173 11 3252 3035 2659
1	126 18 919 15431 590 17952 3582 926 810 12 19
1	808 826 4131 808 826 14596 28760 18525 23423 14459 23034
0	1201 4135 3122 1090 3 10 48 33154 17 9766 3
0	2510 1602 2 159 3217 3306 0 2 2 890 2238
1	25 69 68 23 134 7 1370 33856 14949 106 103
0	129 1088 811 170 41 0 5064 5820 38 29686 9976
0	1066 39 553 9398 2536 5019 2627 1174 16 18023 19231
1	0 19 114 7061 5836 23839 14826 7 10 6451 6785
0	1621 1542 444 499 8 1569 0 2 6465 1199 14
1	8557 1 36 2105 3931 17150 1693 667 23289 10 10
1	2302 22591 18245 28858 2246 20 14320 12018 17742 112 7512
1	1 28902 15831 23322 1396 1938 2728 25 23 256 2765
0	65 11427 22165 3 2140 4 1 52 3416 26 4579
1	1 3 75 2 1042 24183 18396 14 6256 53 0
1	11 22975 11 421 5542 2047 681 21757 267 1114 11180
1	711 16793 129 1349 3129 3031 371 452 6896 322 211
0	22551 2845 863 4 951 2434 684 3603 4 98 21
0	1 33 24649 19684 4382 2238 8 10739 15384 13933 21
1	3029 3451 116 5987 336 0 2643 3536 4 7 16788
0	3886 6645 720 1074 6 131 135 131 135 16 77
0	12228 21159 3227 12 22419 3 4333 175 13402 5084 2060
0	9855 128 1327 2389 24778 18 16 7945 5009 1194 9424
1	1 20 497 11 48 41 68 23 5510 3 14
1	0 1259 333 59 58 2 8088 9506 1538 1294 9
1	151 22 12956 22926 24 21778 0 2775 14265 11524 535
1	11688 2361 3 37 1235 28534 22 6955 31 46 1902
1	11357 19235 131 135 16 5 885 435 4937 7166 666
0	5454 178 70 334 8 9640 3323 863 17202 24773 3
0	1621 1542 444 499 8 1569 16154 6091 192 11958 17719
1	5 9078 169 1618 14267 9635 1053 9107 938 780 540
0	599 14 4914 23786 18926 1972 2252 45 4 4352 619
0	682 1125 16 11326 35273 3 32589 16756 664 8 1193
0	404 66 17198 724 143 107 1733 67 1584 1 3
1	11243 5890 1700 1694 4 13493 257 4019 19643 638 3
0	308 70 3852 28 2812 6368 129 170 7250 7692 4725
0	820 5359 1015 18 15521 44 8 48 5 11 19
1	54 12 14249 170 2702 2185 26 19 5744 24 40
1	25792 8050 15835 8337 3450 83 35696 19058 4807 25 23
0	10305 788 195 433 43 4990 1833 44 9396 27452 1
0	10 33 131 135 2797 16 137 180 28 3428 1
1	2467 26 17 429 11611 1923 80 391 216 50 699
0	25 23 3660 3639 21 7 173 3715 35696 10248 690
1	8464 28 16800 33 5298 6 1402 1451 1364 1294 27
0	3573 8287 1070 879 33 8240 1658 5323 32689 2976 33
0	649 117 43 10 1347 8 4288 0 2 0 319
0	7189 8797 10590 4690 1069 1589 13 24 11191 11 3139
0	11 16 6 18832 12042 8 3746 743 40 1115 563
0	10928 18 16 525 687 1649 1151 277 13 1901 0
1	15034 6785 56 697 11657 1 4994 17859 1546 1312 185
0	2649 1966 1747 811 170 15975 8 4545 1995 37 1
0	819 36 6523 28 16936 4516 4302 16123 1973 1070 3
1	87 638 30057 6896 410 13 950 293 18886 510 6809
1	54 25722 6451 143 1 3324 30 22 4814 105 1
1	558 3802 13 48 110 4140 15 1353 435 8393 0
0	7189 8797 10590 4690 1069 1589 57 166 13698 898 2
0	1621 1542 444 499 8 1569 164 10 30563 700 8
0	8073 308 23842 11175 459 1839 25415 20880 32711 1 7
0	45 15 1 750 5730 4990 1833 44 9396 27452 1
0	808 14288 11100 15438 3686 3292 0 2 2 808 826
