0	0 2 6943 16451 3991 1272 20005 26591
1	662 3 3551 25860 24527 254 47 21
0	128 5728 93 32 13 35 9 36
1	2395 37 16358 12 4063 28528 8817 5913
1	1767 3 1636 5276 5243 198 82 4131
1	62 61 28 99 3 39 21 271
0	649 117 43 10 1347 54 15 957
0	629 5424 644 2163 13977 1320 460 5
0	2499 2263 2738 11 15 5152 5627 5152
0	20 11102 114 25344 73 8217 12944 34
1	754 2 6546 48 232 27769 106 97
0	190 57 444 10434 14 543 3134 12
1	14 123 1 83 0 1602 2 2240
1	291 95 15397 618 22679 14761 6744 159
0	3 18 16 1 2971 35696 2848 52
1	35 1152 3973 467 3457 6930 206 1316
1	0 2 6 16 19640 15 102 1177
0	317 2012 3457 11811 10285 5985 389 748
0	451 1 15 12370 3943 1390 24935 381
0	4486 207 3595 179 4876 2674 203 70
1	2534 163 8 854 15 693 8 8526
1	1 6334 13 11858 28749 22936 5370 29
0	660 24 8192 122 17168 6751 1208 660
0	0 18 16 13651 6 5773 1730 1
1	3656 540 18 1402 1451 1538 1294 9
0	219 1022 2875 2150 22 468 2024 337
0	601 352 18 2800 74 2089 10 13554
0	1621 1542 444 499 8 1569 19876 11466
1	0 2 2027 23546 676 17089 14 11810
0	23291 73 817 22 48 5982 11 203
0	2533 3801 23260 30 124 8892 35199 3
1	4 3246 18107 1 157 17678 27879 30065
1	1 3390 21662 16797 691 70 833 3384
1	934 31 46 72 196 2153 2696 6796
1	4691 2638 903 161 593 173 213 22479
0	72 196 16 180 2 0 2 763
0	1 4927 106 97 987 23528 3 2726
0	2097 7220 4382 16200 15 32589 7048 5
0	2054 30601 3123 67 9528 686 11351 7244
0	0 2 0 319 20 9607 11514 0
0	45 35283 0 1805 12670 1342 2209 0
0	51 16805 2417 1574 901 105 11020 23836
0	1215 150 30607 1644 964 1152 1329 436
0	5946 587 1305 708 54 413 42 1057
0	137 1906 5096 3853 775 17959 332 515
0	804 8782 4852 8434 99 20884 4 3
0	18 16 129 2177 1312 5276 5243 3076
1	0 199 220 223 212 13937 1389 2949
1	1367 6007 1377 2968 25 69 68 23
0	8141 208 31357 122 772 419 30 0
0	72 196 303 8760 70 986 980 9
1	31 46 0 199 220 223 218 2
0	129 1088 811 170 9160 10010 2042 13692
1	71 15 8278 8599 5339 5697 10849 24
0	304 2546 17609 6227 14 11004 1237 3
1	11 15 9056 6786 11 53 11013 21651
1	0 199 220 223 218 2 590 7
0	0 2 1 7 158 483 0 2
0	236 7165 39 705 186 3 2961 718
1	4 5121 17206 642 23147 847 277 60
0	5 17 8940 85 6 9 32691 8
0	3373 8517 1774 3975 1083 1115 25 23
0	14 1239 729 10986 19 18141 15892 95
1	3472 1223 2131 8109 15 630 557 624
0	321 8294 1097 31073 11 16176 27353 1182
0	4719 1777 3028 19841 35696 35696 35696 18850
1	5808 851 12255 585 19021 12134 27 9225
1	5761 0 0 199 220 217 218 2
0	1954 6026 4257 179 1105 16 4465 1
1	8258 389 22117 1700 8678 6 200 82
1	14019 28159 16 240 2549 18612 25 23
0	1621 1542 444 499 8 1569 20 6801
0	42 2852 1255 8012 5402 65 0 2
0	1049 1 5566 4133 1738 1429 0 2
1	20 1 2 1393 3311 86 5333 38
0	649 59 58 854 14453 3458 5392 13092
0	818 3546 41 2 0 2556 26 30
0	308 70 3852 28 2812 6368 10 356
0	31 46 25 69 32 13768 22 718
1	0 2 47 1731 1948 2707 8 24
1	11082 360 4239 35696 19142 9526 5284 171
0	1196 24 2136 14100 566 859 3132 0
0	1734 463 3748 40 4 1357 7766 4
1	65 387 5662 5 4 191 1 563
1	5 11245 2005 12 546 1872 259 10447
1	1871 3822 11 7 73 325 3 24
1	17 18 27 5285 14205 19506 17678 16789
1	12666 4144 2480 12671 26 4154 935 18804
0	3340 655 6344 415 473 35 9 4
1	14614 1 10708 242 22574 39 708 477
0	22 80 4 537 8148 13 0 8437
0	3430 6630 16876 22676 222 6630 1761 1609
0	204 8104 540 4 969 5 2783 0
1	9813 30796 3188 2551 17437 19903 10780 3780
1	12 11 4690 12433 337 3635 54 26
0	17339 180 1 13089 7659 6298 3 5
0	1049 1 5566 4133 7067 66 16346 15109
0	47 18330 6 131 135 9 0 2
1	1 2543 9681 5746 5 234 13 887
0	12 43 1967 0 2 18883 1567 4
