0	396 1170 4902
1	5 5 20129
0	3893 11 8
1	1056 39 5
0	10 24 1
1	286 296 1689
0	517 4320 473
0	1189 0 2
0	1315 41 64
0	1254 98 21
0	814 6906 1563
1	2 12 1168
1	4 7890 659
0	12674 15100 675
1	18 16 886
0	437 556 7112
0	1 19675 16777
0	7 6 9
0	283 5 992
0	432 11066 10698
0	34 8 7
0	1292 150 268
0	2340 240 0
0	14 31097 7889
1	4236 195 73
0	485 2066 94
1	11002 41 64
0	0 14 2661
0	6538 8909 13298
1	6221 1323 7
1	56 1 34
0	18125 29 29
1	772 436 6219
1	1540 4338 870
1	18 16 0
0	3599 6350 42
1	15223 13106 4
0	26 164 39
0	203 5 4
1	5 2358 3
0	542 2183 19
0	24 18244 19
0	10396 9 14
0	1213 2002 2886
1	5501 3717 15738
0	2992 54 15
1	4051 495 5438
1	15424 8854 9820
1	188 3945 589
0	347 762 3222
1	0 12214 12
0	93 32 0
0	3917 3186 1
0	5704 13229 81
1	242 79 107
0	915 2766 317
0	6 17 3201
0	47 1470 7851
0	15048 1488 1
0	2328 423 136
1	0 32 905
0	2436 3974 6231
0	0 2 2206
1	750 26961 8
0	19 303 9771
1	93 32 2142
0	83 569 1
0	12613 9758 234
1	241 49 5253
0	12 1225 852
0	1977 30836 12
0	332 371 3547
0	2466 71 76
0	33 8 12549
1	35 16 14
0	0 59 58
0	4349 3887 4549
1	14 12457 701
0	0 36 10209
1	3336 5529 38
0	681 15236 15
0	8116 13 17
0	4403 2772 612
0	1909 541 4082
1	7 8855 55
1	7066 6 9
0	3557 8072 1
0	4073 4730 76
0	0 316 88
0	121 630 20219
1	1774 80 1030
0	81 349 4893
0	148 25804 1552
0	6369 23493 86
0	13510 5322 3
0	26645 35696 30923
0	17 0 2
0	2275 65 989
0	3249 110 5604
1	355 1448 14
