0	0 3 431 15824 20141 15536 1953 16174 3 253 0 2
1	958 312 40 363 4311 24 1549 148 758 1411 11 12241
0	772 3546 749 12802 80 14299 542 0 1148 703 1763 2102
0	5620 181 9529 5 38 12058 33214 35696 8980 307 850 33058
0	1103 2322 15175 20 26670 2098 13960 822 3059 1534 2542 5
0	3345 22674 15903 1 21303 34578 33793 30052 1382 3758 14485 1033
0	649 117 43 10 1347 15616 193 187 0 2 25 23
0	14102 5532 24 750 7993 21318 8292 535 1063 14 7 3998
1	22211 1578 19237 22598 3 85 854 22865 31234 380 4346 22857
1	8 3550 3576 27965 351 2731 11061 26281 2754 2105 14886 25430
0	1 23311 15945 28026 23025 1290 2227 72 196 131 18374 24
1	0 2 18192 24 19971 79 5953 7576 390 124 182 1081
0	3083 8530 28 25843 26176 39 15450 17 24686 22685 0 2
1	2321 254 4554 23775 22891 24 16 3337 9184 8736 11305 520
1	10107 1286 30785 3 28 17 2 1473 27757 1411 10 17480
1	45 1024 1323 10317 20 25026 12 25817 7867 437 1115 1619
0	342 5396 1106 11260 16 6738 1127 646 22 650 1972 2225
0	2656 67 780 21681 8 144 10 12468 5 0 3 4
0	12 187 1 299 17328 19 3 3 13624 27324 3560 3067
0	1622 1 54 53 7 22 4915 5991 4 671 6055 9026
0	3940 8148 11483 89 12257 10321 40 21 13481 1318 15226 17
0	649 117 43 10 1347 164 1522 31 46 38 14 551
1	2143 138 15 180 175 197 175 197 173 11 144 2088
1	8607 389 791 18 16 5 16 2695 8372 12924 11 78
0	25 23 3660 3639 21 7 173 2180 1 8066 2 4258
0	11 5499 27741 3129 236 6304 10328 4788 12 42 963 10127
0	0 18 30146 9114 965 5893 100 8892 3607 37 4827 4441
0	1621 1542 444 499 8 1569 13957 13346 15961 28998 28900 2275
0	5 10499 8620 475 0 2 4343 2304 20 1306 30579 924
0	1146 2125 2257 12493 24 549 12 304 188 3025 8142 2
1	17012 668 23960 9776 304 1406 1 7 15009 7536 227 10851
1	1 9060 417 489 3 10024 14 34805 33553 48 21047 564
1	8 31079 1583 45 3 3141 16310 21540 11676 59 61 1
0	0 3 431 15824 20141 3730 19945 18 16 276 0 2
1	3849 5918 21441 16828 191 1134 7339 3 18 5773 4927 27
1	204 327 2 5068 6123 41 0 5064 5820 38 29686 9976
0	25 10738 169 223 218 7174 7662 44 121 6837 7 3
0	0 1685 17485 334 21502 7187 10 0 13936 10101 2 325
1	22493 3 1331 117 71 12384 70 12939 136 2 0 2
0	149 947 14 3402 3 18 10965 170 1 30685 8 7979
0	0 2 5894 27660 5862 5363 7422 5916 50 260 251 424
0	18 15881 303 9796 6 131 135 16 5988 33010 534 27
0	8954 34 2120 230 5 14 1292 146 1215 2365 1084 940
1	1111 7003 3704 15035 941 1764 272 848 38 13454 5 26225
0	42 798 6550 18245 28858 2246 20 14320 12018 17742 112 7512
1	65 11427 22165 3 2140 4 1 52 4098 1828 13533 1683
1	7 3888 129 1088 811 31657 35696 1747 2698 170 5524 8
0	1621 1542 444 499 8 1569 14291 95 2249 4721 25 23
0	1 7919 4867 8473 5945 1 15 673 257 14444 8022 29
0	3 311 3835 169 223 212 15 825 31 115 306 23
1	63 14 93 32 1177 1031 30 26103 24047 5635 2622 2099
1	0 7 3 6977 6 108 103 1396 1938 9 18804 3374
0	1261 10276 100 53 1077 11587 98 34 20535 5932 2451 3874
1	13 24855 53 0 2 8056 25 23 31 115 7696 122
0	415 215 1893 1939 11233 2133 114 3037 1319 45 1 26939
0	1 17429 588 696 6631 3555 4514 11731 52 92 0 3
1	4 13661 10629 26 2092 24 192 389 18274 14443 9 1097
0	5431 67 112 3871 11 1202 11143 14899 2172 11274 318 77
0	158 2268 3439 70 0 5004 0 381 403 566 17 1
0	297 3272 520 102 1097 26 393 10 24 67 1158 9270
0	18 16 3202 3724 5296 54 14236 67 11295 17 38 3
0	696 21 7 463 19330 16 21301 982 232 0 2 228
1	5637 1977 490 5938 10 31723 20172 2247 11875 540 7413 593
1	8436 12824 2327 3809 297 35404 508 30645 314 244 26246 465
0	2644 1627 185 143 919 24008 3970 107 14353 647 1829 10310
1	16386 209 124 1701 1578 18319 8982 6 5760 7251 8014 3
0	16996 837 23921 8 236 6905 208 2090 2825 1400 530 154
1	2321 254 4554 23775 22891 24 16 8 12 222 76 4
0	0 31 69 32 2249 4694 11462 1949 7622 23019 0 2
0	25 23 3660 3639 21 7 173 12596 559 26 88 2
1	2991 12516 3565 977 5 19549 122 5 873 280 25 23
0	1 15388 8261 5792 3108 2716 1597 30496 23025 22025 31930 3
1	17408 35550 71 2076 2130 20 3434 16488 27230 18 106 103
1	3866 0 2 16490 33 3027 7 367 3 3632 4374 19002
0	638 1988 3 4862 896 9235 53 15 51 18 106 103
0	12 2371 11644 9035 16443 15 96 5 110 3666 21594 24336
0	2759 0 1124 660 1124 2440 3 3 1 33 3214 18218
0	2194 6 131 135 16 25202 144 21728 20581 1396 1867 19198
0	14456 13 4812 3627 1569 16640 4995 11317 7738 11317 5 20
1	25 23 14150 1 7 20855 1112 11854 133 4 5 20
0	1621 1542 444 499 8 1569 5857 10 1 34 13738 3236
1	2 2716 393 6 117 12306 2775 14402 0 29 7420 23035
1	1550 4 9540 1046 5209 70 15 2337 7 7 3932 3
0	1026 1226 712 1893 303 2721 492 27409 20355 43 25588 15
1	31 6194 35696 29937 28495 35696 8 28216 3532 13454 15 18310
0	31 46 1949 1238 92 24607 0 2 8780 11355 51 1
0	7584 5 40 16979 1093 99 383 8868 0 2 11805 2540
0	72 196 9 18 16 693 11 3807 21 3552 7 7902
0	1146 2125 2257 12493 24 549 12 12 15989 3575 12554 4893
0	0 2 5894 27660 5862 5363 7422 24423 965 126 1943 34118
1	3 7 6 198 82 18 16 3336 6 1441 1494 9
1	11 30735 5391 80 8 732 71 4 0 2 1391 1991
1	1730 18582 18134 16444 1125 472 19 11582 5058 9995 15099 1044
1	0 4 18 1402 1451 12 700 724 10172 5551 193 673
0	10 53 7505 8502 1099 43 33718 94 131 135 3151 2962
1	4950 20528 35558 16 21 18 23852 24055 6204 20808 39 3
1	8091 1 2384 48 33 24540 6 1809 8992 9 4 22229
0	358 17087 19057 85 15451 165 14002 11738 20 15626 22 2470
1	11558 1 24277 977 1669 11 199 220 113 4774 489 1
0	1056 7001 105 1 25240 774 34317 754 254 26 13767 3
