1	0 1 16208 10744 19 163 8994 12041 6 27
1	70 12614 324 22264 5866 28221 2963 1 26 149
1	1 4437 2 10959 48 22 3590 6550 990 9063
1	174 7108 22186 65 25598 26129 900 55 7154 2063
0	5454 178 70 334 8 9640 3323 47 44 7
1	0 2 191 7763 105 3484 15293 39 4 13693
0	13 175 197 312 20152 52 19931 520 8378 1042
0	159 189 2064 7826 14966 4889 20 13 26449 2261
1	2687 814 21551 56 8 8 3272 3480 6 4836
1	225 1374 2502 83 2781 7 15 7407 15 1
0	227 7 1567 9315 1 9335 0 2 701 232
0	776 3411 194 3128 5299 19543 49 12508 3797 10468
1	17 0 2 0 2 25 663 1230 924 2
0	2219 1 3 62 58 31 46 0 5459 2
0	72 196 303 8760 70 986 988 9 2 10
0	1 169 1 437 323 742 2113 6306 3978 103
0	0 199 231 223 212 2 20822 0 3 5562
0	1410 456 1516 1366 7961 49 35 131 135 9
0	35 2125 1438 5658 6240 13314 17720 8 43 8290
0	15025 2634 2172 5033 2575 1515 4907 463 22349 127
1	18439 3177 7 7061 5540 24 7 6974 26316 2182
0	5 979 261 8707 463 15280 2321 2893 0 1779
1	1926 16563 8131 71 13518 40 25272 1185 14615 20240
0	447 3610 4302 7131 20278 17 6937 71 14801 13409
0	4 13 291 3 10 9391 11163 16020 9 34
0	18291 13 12 8943 8 3 4536 43 818 5
1	33 8988 441 716 846 1923 0 5 36 4
1	16177 3 1163 386 8596 5087 2565 14 965 4931
1	0 68 23 2 25 23 5 31 46 341
0	1092 8318 35696 35696 48 2 92 5957 28657 9
1	60 18 7938 8467 1088 811 1747 1145 3 8673
0	7189 8797 10590 4690 1069 1589 92 16800 9 26
0	691 17977 3364 232 285 296 3248 156 3 5683
1	7250 13970 3482 8369 15404 28 440 17563 1 16263
0	1586 17 248 5616 2247 271 9852 33 15 20
1	7735 5244 0 2 6985 1615 6584 1665 6 9
0	719 15 685 202 85 8 15 21 148 228
1	29753 105 92 14322 14161 8 65 2868 533 20
0	25 663 1084 924 199 231 223 218 1811 23
0	6440 7 13 5733 41 68 115 28 15789 662
1	1529 6351 84 2 9426 17 5157 5763 9125 3128
1	7 19 3 1919 4623 144 258 12381 28 33
0	24 9953 5365 11062 438 21832 22650 5750 26483 15
1	7175 4946 23382 8 13 5880 24 4517 24314 22423
0	11 11 15 23789 26857 399 20530 24 22614 8480
0	433 5767 919 23009 16303 0 28 214 10964 527
1	85 21738 26596 484 3625 25952 5481 1901 1 5491
1	4085 359 209 27010 25 69 32 2167 8092 4271
0	0 2 312 6738 1127 646 22 650 1972 2225
1	0 26 166 24 2057 47 1177 138 3 3425
0	1146 2125 2257 12493 24 549 12 300 10581 13
1	0 2312 3021 20799 1464 175 197 4533 3836 3529
0	1 89 1997 16 1 28 3 12109 10186 21
0	5454 178 70 334 8 9640 3323 10284 10075 4
1	16189 53 26983 10757 122 7389 23072 0 1811 23
0	0 2 22 0 199 231 223 218 2 4235
0	11 16 6 18832 12042 8 13392 79 1336 10
0	2 1 4136 6919 1897 28061 886 8175 2 19
0	18 16 2066 961 3252 6866 28 24 860 0
0	3438 0 62 58 2 151 239 23103 5793 1145
0	13 2678 306 46 8878 2692 2652 3 51 1910
1	2795 8702 10 1473 99 5780 1412 13122 29185 87
0	649 117 43 10 1347 158 8162 10510 3151 2418
0	358 1185 95 21085 2128 645 3722 1 1998 399
1	565 18403 26 24161 9312 7114 25586 101 9609 30
1	617 2061 8 35696 31629 3797 35696 29850 1147 3154
1	18 7 45 3 786 3418 5 3236 233 0
0	735 1883 2069 29 1 14070 1 372 3790 2743
1	5 12646 2978 20 21596 11473 2723 0 62 61
0	13 122 0 17 134 25 23 5 0 2
1	4335 32276 9446 12943 130 642 5 272 3599 5
1	4415 1375 14784 169 2279 65 1939 1027 421 35178
1	521 20931 8974 144 35696 12 109 17319 16256 9
1	1802 42 56 3 5305 1577 10281 117 389 3914
0	1 0 238 2 3 178 3 5 22265 1
0	18 131 1186 6 192 19446 465 66 16002 1309
1	521 13461 1966 31657 33507 170 14880 18249 5016 548
1	991 12 18 122 4345 7762 25795 32526 26274 3
0	0 9548 11358 1208 1330 13758 28042 232 758 8
0	45 1024 1323 10317 20 25026 14109 12713 57 206
0	8916 204 3109 1823 41 68 115 100 8747 12
0	7809 6583 13360 11374 0 2 683 10499 8620 4
1	1518 25 23 19982 307 8 18082 2414 2418 3
1	1044 26819 7252 560 5996 13 2138 8318 5 17
1	18 16 373 3459 5772 21063 23182 22 4165 19
1	28 17761 25873 15 901 6413 12069 30945 13 3
0	72 155 16 129 35696 30490 3156 4336 4139 10
0	5444 779 5 7 19 1390 11659 207 8532 5
0	1621 1542 444 499 8 1569 9075 16471 9611 4055
0	21 11 5555 10283 26191 3 853 6871 11110 3648
1	342 9679 4217 14768 4693 70 14101 13421 3837 19463
1	26252 25465 1264 35696 35696 35696 35696 15 24 1
1	2 50 14 20 2675 836 2765 1553 2602 1899
0	86 147 24 193 10996 2632 16786 14124 6 27
0	5454 178 70 334 8 9640 3323 22314 32718 27500
0	2388 5024 5231 12056 129 30045 29104 28167 6026 1704
1	636 10727 186 6902 294 4839 54 43 4041 1111
1	20 30 489 3266 176 2708 11 902 5983 33135
1	8676 18 27 1351 22284 11942 202 1464 12882 147
1	838 2 1073 947 4433 10865 3177 15352 23229 15
