0	12
0	1
0	8673
0	2397
0	3
0	203
0	7145
0	10
0	26170
0	63
0	63
0	1076
0	7794
0	2807
0	13
0	27193
0	8
0	60
0	63
0	1640
0	520
0	34
0	947
0	3
0	1286
0	101
0	754
0	952
0	33
0	328
0	10105
0	4245
0	63
0	750
0	10
0	1842
0	639
0	1
0	639
0	114
0	3290
0	2397
0	3644
0	123
0	19
0	11
0	11939
0	3431
0	713
0	10
0	28
0	1767
0	55
0	5777
0	258
0	865
0	619
0	215
0	1
0	8
0	1
0	1985
0	21
0	250
0	2671
0	613
0	3778
0	2538
0	50
0	20393
0	1018
0	19
0	116
0	10
0	3
0	502
0	13
0	12
0	36
0	228
0	255
0	50
0	1955
0	63
0	541
0	19
0	17424
0	1202
0	2440
0	13
0	10
0	609
0	733
0	63
0	1
0	14643
0	13
0	14289
0	1
0	1381
