0	5111 17117 66 5365 1596 22 4466 2110 79 314 8 5 372
0	649 117 43 10 1347 18644 6 9 28 835 28 7032 9474
1	1 3 1 19229 20628 8729 10959 48 22 3590 6550 990 9063
0	1206 624 11 3317 1 22279 6 111 8 992 462 8532 4066
1	36 28 10282 12860 17162 15297 19 0 2 0 2 68 23
1	1 3666 8 8 1411 11 67 1826 768 4991 16569 14515 11647
1	12834 414 3 1179 18 16 12011 71 31 6194 26203 24335 3
0	0 2 19866 7829 10 15448 15016 14 4 7291 31923 20 7625
0	0 1697 2105 7989 8839 35696 9521 11734 8728 2 6 9 4086
0	597 517 659 30 13 207 5733 6 9 3 18 1099 1520
1	63 14 93 32 1177 1031 30 26103 24047 22266 65 20166 4690
1	6338 1 8352 1 35696 6233 11168 1973 4005 3357 15 16745 2355
0	1158 4538 9201 23488 11368 24 240 1591 73 697 16539 153 10104
0	3759 8 100 26 8484 31156 35696 18050 27103 22 35696 29866 9
0	22551 2845 863 4 951 2434 684 213 185 20 12 118 81
1	16224 133 437 22 5621 3998 6718 21094 6160 442 35696 31233 122
0	66 190 1738 1446 9807 14 14 4 12289 27425 45 3218 8618
0	6 9 18 13912 8 2520 1388 13153 4953 8266 18019 25686 9
0	22 7 1502 1163 1465 1013 7139 3 10 121 42 6645 0
0	3142 54 1504 2554 16404 459 15 4419 2424 18736 15 34373 7328
1	3 311 3835 169 223 212 15 519 1319 17760 1 507 744
0	7078 131 135 16 1030 105 6204 6597 13 4308 31934 251 600
0	1621 1542 444 499 8 1569 5860 3 20491 1207 37 6451 28726
1	2977 10601 16290 16 17979 9254 22 33159 24545 30120 26363 1554 848
1	1 24 13 948 12355 1254 1007 21574 32752 27087 26 13326 1047
1	4 896 14 3 10 12 17 22219 10 5784 0 2 16318
0	4085 359 209 27010 25 69 32 107 1733 67 1584 1 3
1	35 31324 14235 25382 7781 25770 22 31696 27748 3450 1 29 1
1	10023 19724 8431 692 28055 29444 866 9428 4 460 3589 417 2066
1	0 14 2 129 5276 5243 16 113 34914 1010 3 11 15
1	5637 1977 490 5938 10 952 84 3 65 455 3058 10 903
1	5454 178 70 334 8 9640 3323 3125 6 131 135 108 97
1	8299 51 632 20 780 789 23195 874 9242 53 232 992 4
0	8601 520 11205 7498 11390 5547 19 19052 34612 4 10 8 1277
0	1 4311 28 67 2373 2403 12 9808 18 16 6 9 0
1	240 668 7531 23461 29692 421 129 1088 17382 1747 2698 170 3262
1	731 1677 29886 34390 23922 29409 13 11522 14362 18427 5251 4517 327
0	0 29 4069 7539 2260 6 34640 35492 612 10873 26441 1217 9900
0	25 23 3660 3639 21 7 173 597 1834 303 54 0 2
1	0 2 10385 543 29867 161 2799 17 5946 5 95 2 3446
0	18156 9212 14522 6 25356 54 100 633 15 11 16176 27353 1182
0	1 3666 8 8 1411 11 67 5981 9038 5190 2060 900 21
0	12 2371 11644 9035 16443 15 96 5 0 2124 20 17 11603
1	4748 888 111 3 116 243 7457 640 2031 254 5179 18021 1548
0	12 2371 11644 9035 16443 15 96 5 30444 5 15630 11835 4567
0	18 15881 303 9796 6 131 135 16 13285 136 4744 694 6056
0	9328 9303 15 10 12 5298 4 1070 14392 131 135 200 82
0	70 5896 17 3778 3379 7156 1 407 250 28007 157 17790 7328
0	1 1002 12675 3637 3427 942 17084 7284 15 5 1432 6 9
0	1926 16563 8131 71 13518 40 25272 1185 4007 10819 131 135 9
1	0 36 13846 5320 4538 7657 6505 26713 701 22270 24362 198 82
1	16273 12528 2047 84 37 8510 16 1799 261 4 15 0 11472
1	11920 12105 7109 20945 4951 4 86 11 16287 12411 13679 2046 14
1	17 56 346 711 3142 105 2944 109 8448 3422 3800 1699 2
1	314 15 2507 8827 1 20974 33274 1372 29 14642 11687 7 684
0	1621 1542 444 499 8 1569 15616 193 187 0 2 25 23
0	5454 178 70 334 8 9640 3323 1055 3222 34662 1343 2105 843
0	16996 837 23921 8 236 6905 208 2090 2825 35696 14 1165 51
0	4028 529 159 3588 1080 949 304 207 1296 3859 4190 3502 1778
0	7078 131 135 16 1030 105 6204 19734 122 13209 100 306 23
1	3 62 58 10261 11419 17360 3477 3478 559 174 6 9 3001
1	11 54 1200 95 8558 35696 73 31290 25167 158 667 26829 21
0	160 5254 240 1997 131 135 16 5688 22737 36 1290 5 34
1	18 15881 303 9796 6 131 135 16 9645 0 5 7871 6045
1	28 7 24 20 166 118 7 24583 10 159 41 68 23
0	649 117 43 10 1347 6 11758 11234 20545 199 231 10347 137
1	2229 10241 32132 35696 7 35696 21528 23376 26503 1545 23218 18868 111
1	2 20530 1 16699 4493 1713 0 2 244 4325 3743 13 3747
1	13 3 283 12524 3298 3326 31502 28941 30405 1863 1114 143 465
1	0 9548 11358 1208 1330 13758 28042 3401 510 11247 21397 4133 105
1	0 2 16055 4142 6 117 12306 2775 14402 0 29 7420 23035
1	5085 17 47 52 8089 18681 18051 1120 194 2731 12493 48 119
0	285 296 4802 67 2315 553 5 441 266 929 7964 514 66
0	13694 4907 373 598 1250 7133 9410 756 8 13 4040 6 9
0	649 117 43 10 1347 4 86 11 16287 12411 13679 2046 14
1	1652 6246 658 16610 3 13285 71 1637 6 131 135 3151 2962
0	12834 414 3 1179 18 16 12011 71 1941 12821 16 1182 14224
1	13732 27862 20406 623 159 5676 90 857 5370 131 135 106 103
0	870 11832 3 48 3 12510 50 66 5622 156 1153 3 11393
1	4070 40 7672 94 32926 652 32085 24868 4 25 69 68 23
0	308 70 3852 28 2812 6368 2972 3 92 28859 10641 9 4248
1	17 56 346 711 3142 105 2944 4852 32942 4955 10743 14782 30
0	4331 3443 4674 1 156 22 29712 8 2248 37 516 18411 36
1	72 196 2857 15 3640 4530 7 8496 6 27 35 26279 1027
0	66 190 1738 1446 9807 14 14 4 840 11115 106 103 13
0	8679 20244 166 1 9958 15 16546 23817 4099 882 31 46 0
1	5 21867 10 1981 5992 3 1 25643 14154 16710 8 14022 1
1	16996 837 23921 8 236 6905 208 2090 2825 67 4433 5 960
1	1274 1 694 1010 3391 24 4314 22679 7 18620 15067 106 103
0	23254 26336 33 1334 2427 1988 2940 5266 604 19458 13872 30138 18236
0	20 7379 5 72 155 16 201 10 4937 157 3178 8 3
0	1621 1542 444 499 8 1569 164 1522 31 46 38 14 551
0	16996 837 23921 8 236 6905 208 2090 2825 0 4 3 3854
1	0 2 418 4027 3640 4530 7 8496 6 27 35 26279 1027
0	11 16 6 18832 12042 8 1039 100 571 1232 14449 3 10913
0	6 27 112 928 1 22 27690 4309 3 7 1 197 124
0	3083 8530 28 25843 26176 39 15450 17 147 25998 44 22 10757
1	57 26466 15339 964 16 22596 29 1847 15 6022 2695 5985 9
0	3 15753 1954 1990 1849 2190 2405 439 3 3 11 26619 24668
0	56 37 765 16 70 0 5004 0 381 403 566 17 1
