0	4178 1 3546 1730
1	668 11330 11 1151
0	591 4365 8 163
0	11 4350 678 1367
0	0 1945 6 9
0	300 2835 12024 5675
0	157 260 0 120
1	1 8 10512 1080
0	672 891 9835 66
0	3066 1410 53 11278
1	7608 3250 1074 732
0	34 455 6943 228
1	22177 167 6 9
0	12264 18391 78 11319
1	3133 14 1327 11
1	3 34 22 6212
0	162 107 764 232
0	334 22647 2522 76
0	332 371 1952 979
0	15485 984 3150 10
0	12 8741 18224 21
0	111 35696 209 55
0	479 83 3 19
0	858 435 7405 5789
1	1 2 5808 2274
0	11 247 3008 1
0	8 26 8 763
1	24 1164 9632 13
1	11 10331 150 464
1	18 16 493 555
1	4 1769 26965 22259
0	3400 18 106 97
0	1064 17 3833 13
0	10805 5 20430 239
1	204 2099 759 9701
1	554 6 198 82
1	2362 6305 4729 1933
1	0 2 2027 1010
0	9258 370 460 4388
0	2529 11 21279 625
1	2 0 11 15
0	4675 33298 440 21051
0	10 15366 16056 2926
0	35020 9742 17 15
0	36 12333 12 366
0	6 9 389 34
0	75 3582 14799 7955
0	21645 590 26 18439
1	19194 3205 0 280
1	6513 6038 14 12550
0	10 11386 1282 8
1	0 68 46 1864
0	14046 39 505 13
0	1884 181 41 64
1	2129 52 1362 3121
1	169 17112 676 22415
1	3063 4475 189 96
0	4659 17984 8 7
0	4 271 2002 19739
0	10437 0 62 58
1	5195 11199 88 2
0	3 2123 14408 26
1	1667 972 0 2
0	67 19 11414 7
0	9793 14904 10961 896
1	1025 1985 3239 189
0	2850 507 19189 30
0	0 2 0 238
0	7299 10442 301 37
1	60 2 6 9
1	1 642 326 260
0	14 644 645 8727
0	39 250 1 2
1	144 0 1 33
0	110 24 1029 8437
0	1454 16691 33432 4549
0	2646 2156 21627 90
0	3397 13582 9453 1050
1	286 274 442 20
0	1 22 11 1228
0	799 0 13 481
0	63 2 41 64
1	14 1541 443 1626
0	854 5459 1022 0
0	15224 173 1873 1
0	706 5337 6656 5220
0	11523 12 1625 1163
0	1874 18523 15481 80
0	968 689 273 317
1	93 32 129 170
1	5359 24663 6 9
0	0 906 908 7
0	15 38 14701 13
0	865 41 68 23
1	51 15063 90 257
1	348 0 2 1
1	5816 1990 2405 74
0	4220 8309 6417 9749
0	4933 3 4959 7
0	90 45 150 969
