1	354 1 3015 3125 3284 3027 3787 1764 272 848 38 13454 5 26225
1	8 16887 13066 34 651 17718 3654 2702 2185 26 19 5744 24 40
1	12 187 1 299 17328 19 3 2385 0 3 590 4286 6276 29
1	2487 2487 1075 1320 12 1200 31650 1063 19337 4 72 155 108 97
1	30368 1927 0 2 43 73 5890 70 15 2337 7 7 3932 3
0	597 517 659 30 13 207 5733 10 37 7 23895 355 18 1040
0	72 155 9 5680 20816 12669 70 558 5 1299 6631 1303 18584 10
1	84 110 4 2024 129 170 5676 90 857 5370 131 135 106 103
0	0 4 18 1402 1451 12 700 5005 5956 314 11939 9780 3250 0
0	9856 133 24281 4950 12858 17 3225 24499 20086 7 137 65 756 5860
0	1621 1542 444 499 8 1569 18644 6 9 28 835 28 7032 9474
0	1621 1542 444 499 8 1569 6 11758 11234 20545 199 231 10347 137
0	2512 1965 348 40 20303 15 4353 2566 9601 80 3 19 7 7
1	558 3802 13 48 110 4140 15 2972 3 92 28859 10641 9 4248
0	649 117 43 10 1347 10446 83 10395 13053 11 26576 130 9881 2680
1	558 3802 13 48 110 4140 15 22 1475 295 17 3438 24 6256
1	2578 3 95 2009 30725 170 6 8288 21 7419 209 1 13006 12
1	4235 72 196 16695 12120 9420 22 520 8 192 11 53 7 8
0	1026 1226 712 1893 303 2721 70 558 5 1299 6631 1303 18584 10
0	124 1537 376 380 202 70 0 5004 0 381 403 566 17 1
1	2 20530 1 16699 4493 1713 0 2 7714 393 81 4862 43 30191
1	2258 1195 3661 1023 11399 1140 12390 6439 22368 15 13 48 14 25274
1	0 2 8837 9292 26418 6 117 12306 2775 14402 0 29 7420 23035
0	15 15452 11785 487 1916 21416 191 4341 140 299 1 28 59 58
0	70 5896 17 3778 3379 7156 5296 54 14236 67 11295 17 38 3
0	4425 112 23665 10960 3139 13478 19599 9631 17441 53 6364 5130 266 4748
1	33 4 2 1 2 5 107 26055 5 10 6138 5 7449 275
1	1 53 17 20 17 16099 18644 6 9 28 835 28 7032 9474
0	870 11832 3 48 3 12510 50 24 9044 208 86 10 24 0
0	1621 1542 444 499 8 1569 4 86 11 16287 12411 13679 2046 14
1	66 190 1738 1446 9807 14 14 4 2911 18814 17960 15246 25 23
