1	432 37
1	1127 682
0	282 245
0	8554 7923
0	806 1759
0	81 165
1	907 418
0	2223 14
0	12473 90
1	4127 10
0	4268 162
0	101 971
1	5247 4140
0	636 87
0	1527 26412
0	56 3377
0	20 21
0	16013 30
0	70 43
0	14 0
0	204 4707
0	1901 1582
0	2810 14495
0	444 1160
1	603 579
0	193 28670
0	6111 614
1	3564 8658
0	5236 449
0	1315 2631
1	592 5
0	0 1552
0	735 1
0	3 3258
0	625 1975
0	1806 3025
0	930 24594
1	92 4
0	80 3097
0	10444 14
1	8035 40
1	163 2122
0	1985 1628
1	8613 2281
0	1026 4
1	254 1870
0	425 3896
0	19 1
1	55 5
0	7 290
0	23198 1255
0	4559 696
0	5 7563
1	4841 918
0	19 126
1	38 6698
0	17 1
1	1065 1736
0	205 382
0	11 8
0	1002 114
0	1320 11258
0	4030 20
1	125 3
1	10980 4
0	395 447
1	944 8965
0	15021 1753
1	47 140
1	6873 637
1	5137 14
0	2 0
0	769 5836
1	936 11577
1	120 91
0	8607 13427
1	3647 3296
0	44 1644
1	5104 37
0	24 13
1	262 4374
0	6847 8486
0	1242 338
1	2333 6799
1	6211 22153
0	3784 3784
0	15813 326
0	8 527
0	6465 933
0	33 5769
0	783 7967
1	2011 0
0	2599 2033
0	1530 153
0	256 184
0	17 17
0	234 143
0	2640 4527
0	2207 203
1	1 254
